[1, 1, 6]
[0, 3, 5]
[0, 6, 0]
   index  annee  nvx_veh_qc  cumul  annee_ref
0      0   2011         195    195          1
2      3   2014        2981   5154          4
3      4   2015        3214   8368          5
4      5   2016        5086  13454          6
5      6   2017        8476  21930          7
6      7   2018       17461  39391          8
7      8   2019       27248  66639          9
8      9   2020       25869  92508         10
[1.77201375e+05 1.03956877e-03 6.53904562e-01]
[1.84981676e+06 1.33106887e-01 9.65988681e+00]
[1.74647282e+05 6.63263638e-01 9.79949266e+00]


   index  annee  nvx_veh_qc  cumul  annee_ref
0      1   2012        1006   1201          2
1      2   2013         972   2173          3
2      3   2014        2981   5154          4
4      5   2016        5086  13454          6
5      6   2017        8476  21930          7
6      7   2018       17461  39391          8
7      8   2019       27248  66639          9
8      9   2020       25869  92508         10
[1.67399531e+05 9.47848125e-04 6.79198614e-01]
[1.58626099e+06 1.45216235e-01 9.81874126e+00]
[1.65960375e+05 6.86208781e-01 9.64441766e+00]


   index  annee  nvx_veh_qc  cumul  annee_ref
0      1   2012        1006   1201          2
1      2   2013         972   2173          3
2      3   2014        2981   5154          4
3      4   2015        3214   8368          5
4      5   2016        5086  13454          6
5      6   2017        8476  21930          7
7      8   2019       27248  66639          9
8      9   2020       25869  92508         10
/usr/lib/python3/dist-packages/scipy/optimize/minpack.py:794: OptimizeWarning: Covariance of the parameters could not be estimated
  warnings.warn('Covariance of the parameters could not be estimated',
[1.68143873e+05 1.08993759e-03 6.61255833e-01]
[1.56948802e+06 1.39422544e-01 9.52257814e+00]
[5.68288740e+05 1.26013492e-01 2.52712970e+02]

